City
PHX
Sc
QC
